# This file may be used to create an environment using:
# $ conda create --name <env> --file <this file>
# platform: win-64
_tflow_select=2.2.0=eigen
absl-py=0.13.0=pyhd3eb1b0_0
astor=0.8.1=py37haa95532_0
blas=1.0=mkl
ca-certificates=2021.10.8=h5b45459_0
cached-property=1.5.2=py_0
certifi=2021.10.8=py37h03978a9_1
coverage=5.5=py37h2bbff1b_2
cython=0.29.24=py37h604cdb4_0
dataclasses=0.8=pyh6d0b6a4_7
faiss=1.7.1=py37haa26e3e_1_cpu
gast=0.5.2=pyhd3eb1b0_0
grpcio=1.12.1=py37h1a1b453_0
h5py=3.5.0=py37hb0aa296_100
hdf5=1.10.6=h7ebc959_0
icc_rt=2019.0.0=h0cc432a_1
importlib-metadata=4.8.1=py37haa95532_0
imutils=0.5.4=pypi_0
intel-openmp=2021.4.0=haa95532_3556
joblib=1.1.0=pypi_0
keras-applications=1.0.8=py_1
keras-preprocessing=1.1.2=pyhd3eb1b0_0
libblas=3.9.0=12_win64_mkl
libfaiss=1.7.1=hf21947d_1_cpu
libfaiss-avx2=1.7.1=h1234567_1_cpu
liblapack=3.9.0=12_win64_mkl
libprotobuf=3.17.2=h23ce68f_1
markdown=3.3.4=py37haa95532_0
mkl=2021.4.0=h0e2418a_729
mkl-service=2.4.0=py37h2bbff1b_0
mkl_fft=1.3.1=py37h277e83a_0
mkl_random=1.2.2=py37hf11a4ad_0
numpy=1.21.4=pypi_0
numpy-base=1.21.2=py37h0829f74_0
opencv-python=4.5.4.58=pypi_0
openssl=3.0.0=h8ffe710_2
pip=21.2.4=py37haa95532_0
protobuf=3.17.2=py37hd77b12b_0
pyreadline=2.1=py37_1
python=3.7.12=h900ac77_100_cpython
python_abi=3.7=2_cp37m
scikit-learn=1.0.1=pypi_0
scipy=1.7.1=py37hbe87c03_2
setuptools=58.0.4=py37haa95532_0
six=1.16.0=pyhd3eb1b0_0
sqlite=3.36.0=h2bbff1b_0
tbb=2021.4.0=h2d74725_1
tensorboard=1.14.0=py37he3c9ec2_0
tensorflow=1.14.0=eigen_py37hcf3f253_0
tensorflow-base=1.14.0=eigen_py37hdbc3f0e_0
tensorflow-estimator=1.14.0=py_0
termcolor=1.1.0=py37haa95532_1
threadpoolctl=3.0.0=pypi_0
typing_extensions=3.10.0.2=pyh06a4308_0
ucrt=10.0.20348.0=h57928b3_0
vc=14.2=h21ff451_1
vs2015_runtime=14.29.30037=h902a5da_5
werkzeug=2.0.2=pyhd3eb1b0_0
wheel=0.37.0=pyhd3eb1b0_1
wincertstore=0.2=py37haa95532_2
wrapt=1.12.1=py37he774522_1
zipp=3.6.0=pyhd3eb1b0_0
zlib=1.2.11=h62dcd97_4
